-25     -67     48              1   0   0   0   0   0   0
23      -69 	49              1   0   0   0   0   0   0
-26     -12     53              1   0   0   0   0   0   0
30      -13 	53              1   0   0   0   0   0   0
-43     -72     -8              1   0   0   0   0   0   0   
42      -70     -11             1   0   0   0   0   0   0
41      17      31              0   1   0   0   0   0   0
41      2       50              0   1   0   0   0   0   0
52      -48     28              0   1   0   0   0   0   0
58      -48     10              0   1   0   0   0   0   0   
40      21      -4              0   1   0   0   0   0   0
-43     -76 	35              0   0   1   0   0   0   0   
51      -64     32              0   0   1   0   0   0   0
-3      -54 	31              0   0   1   0   0   0   0
-2      51      2               0   0   1   0   0   0   0
-13     52      23              0   0   1   0   0   0   0
2       53      24              0   0   1   0   0   0   0   
-57     -25     -17             0   0   1   0   0   0   0
57      -25     -17             0   0   1   0   0   0   0
-3      -101	-1              0   0   0   1   0   0   0
11      -88     -4              0   0   0   1   0   0   0
-8      -99     7               0   0   0   1   0   0   0
14      -96     13              0   0   0   1   0   0   0
-9      -96     13              0   0   0   1   0   0   0
20      -95     18              0   0   0   1   0   0   0
-31     -77     -17             0   0   0   1   0   0   0
27      -71     -14             0   0   0   1   0   0   0
-23     -78     26              0   0   0   1   0   0   0   
32      -78     25              0   0   0   1   0   0   0
-60     -28     24              0   0   0   0   1   0   0   
35      -26     55              0   0   0   0   1   0   0   
-37     -19     53              0   0   0   0   1   0   0
57      -28     23              0   0   0   0   1   0   0
-1      -17 	55              0   0   0   0   1   0   0
4       -15     53              0   0   0   0   1   0   0
-30     -18     10              0   0   0   0   1   0   0
30      -17     9               0   0   0   0   1   0   0
-44     23      15              0   0   0   0   0   1   0   
-50     -54     22              0   0   0   0   0   1   0   
-56     -12     -3              0   0   0   0   0   1   0
-44     21      24              0   0   0   0   0   1   0
-43     20      4               0   0   0   0   0   1   0
-55     -48     15              0   0   0   0   0   1   0
12      32      30              0   0   0   0   0   0   1
-13     34      16              0   0   0   0   0   0   1
10      34      16              0   0   0   0   0   0   1   
-42     6       4               0   0   0   0   0   0   1
43      7       2               0   0   0   0   0   0   1